asd: 2, 99, 119, 137

dsa: 0, 1, 5, 8, 18, 19, 21, 26, 37, 38, 42, 43, 44, 55, 56, 57, 60, 61, 62, 63, 64, 72, 73, 74, 75, 77, 79, 81, 90, 91, 93, 94, 97, 98, 108, 109, 111, 117, 129, 170, 171, 186, 199, 216, 217, 218, 219, 235, 241, 268, 301, 302

awer: 45, 53, 65, 83, 84, 85, 101, 102, 104, 120, 139, 250, 251, 269, 287, 297, 304, 305

nist: 36, 221, 236, 237, 238, 240, 252, 253, 254, 255, 256, 257, 270, 271, 272, 273, 274, 276, 288, 289, 290, 291, 292, 293, 294, 296

qqqq: 3, 11, 14, 15, 16, 17, 29, 32, 33, 34, 35, 48, 50, 51, 52, 54, 69, 70, 71, 80, 82, 86, 87, 88, 89, 100, 105, 106, 107, 121, 122, 123, 124, 125, 130, 131, 132, 133, 135, 136, 138, 140, 141, 142, 143, 150, 151, 152, 153, 154, 157, 158, 159, 160, 161, 167, 169, 172, 173, 175, 176, 177, 178, 179, 184, 185, 188, 189, 190, 191, 192, 193, 194, 195, 196, 197, 201, 203, 204, 205, 206, 207, 208, 209, 210, 211, 212, 214, 220, 222, 223, 224, 225, 226, 227, 228, 229, 230, 231, 233, 234, 242, 243, 244, 245, 246, 247, 248, 259, 261, 262, 263, 265, 266, 279, 280, 281, 282, 283, 284, 299, 300, 303

